00904cc51238 0.02 47.0699 32.5088 17.8772 21.6361 21.9836 31.2367 29.2728 26.5841 22.4772 36.0122 52.3980 51.2050 38.5317 45.6020 28.4573 31.2671 28.9156 23.6433 24.4468 15.5482 17.8047 23.6824 21.1398 33.6184 25.9106 49.8073 31.5343 30.6286 41.4798 27.3031 25.1583 22.0768 24.1004 20.1288 19.7182 26.8926 25.0366 41.0718 38.4969 50.8269 41.7750 64.5700 36.0326 31.0966 39.8963 43.6485 34.4146 43.5287 45.4150 48.0092 48.8849 
00904cc51238 0.04 47.0699 32.5088 17.8772 21.6361 21.9836 31.2367 29.2728 26.5841 22.4772 36.0122 52.3980 51.2050 38.5317 45.6020 28.4573 31.2671 28.9156 23.6433 24.4468 15.5482 17.8047 23.6824 21.1398 33.6184 25.9106 49.8073 31.5343 30.6286 41.4798 27.3031 25.1583 22.0768 24.1004 20.1288 19.7182 26.8926 25.0366 41.0718 38.4969 50.8269 41.7750 64.5700 36.0326 31.0966 39.8963 43.6485 34.4146 43.5287 45.4150 48.0092 48.8849 
00904cc51238 0.06 47.0699 32.5088 17.8772 21.6361 21.9836 31.2367 29.2728 26.5841 22.4772 36.0122 52.3980 51.2050 38.5317 45.6020 28.4573 31.2671 28.9156 23.6433 24.4468 15.5482 17.8047 23.6824 21.1398 33.6184 25.9106 49.8073 31.5343 30.6286 41.4798 27.3031 25.1583 22.0768 24.1004 20.1288 19.7182 26.8926 25.0366 41.0718 38.4969 50.8269 41.7750 64.5700 36.0326 31.0966 39.8963 43.6485 34.4146 43.5287 45.4150 48.0092 48.8849 
00904cc51238 0.08 47.0699 32.5088 17.8772 21.6361 21.9836 31.2367 29.2728 26.5841 22.4772 36.0122 52.3980 51.2050 38.5317 45.6020 28.4573 31.2671 28.9156 23.6433 24.4468 15.5482 17.8047 23.6824 21.1398 33.6184 25.9106 49.8073 31.5343 30.6286 41.4798 27.3031 25.1583 22.0768 24.1004 20.1288 19.7182 26.8926 25.0366 41.0718 38.4969 50.8269 41.7750 64.5700 36.0326 31.0966 39.8963 43.6485 34.4146 43.5287 45.4150 48.0092 48.8849 
00904cc51238 0.10 47.0699 32.5088 17.8772 21.6361 21.9836 31.2367 29.2728 26.5841 22.4772 36.0122 52.3980 51.2050 38.5317 45.6020 28.4573 31.2671 28.9156 23.6433 24.4468 15.5482 17.8047 23.6824 21.1398 33.6184 25.9106 49.8073 31.5343 30.6286 41.4798 27.3031 25.1583 22.0768 24.1004 20.1288 19.7182 26.8926 25.0366 41.0718 38.4969 50.8269 41.7750 64.5700 36.0326 31.0966 39.8963 43.6485 34.4146 43.5287 45.4150 48.0092 48.8849 
00904cc51238 0.12 47.0699 32.5088 17.8772 21.6361 21.9836 31.2367 29.2728 26.5841 22.4772 36.0122 52.3980 51.2050 38.5317 45.6020 28.4573 31.2671 28.9156 23.6433 24.4468 15.5482 17.8047 23.6824 21.1398 33.6184 25.9106 49.8073 31.5343 30.6286 41.4798 27.3031 25.1583 22.0768 24.1004 20.1288 19.7182 26.8926 25.0366 41.0718 38.4969 50.8269 41.7750 64.5700 36.0326 31.0966 39.8963 43.6485 34.4146 43.5287 45.4150 48.0092 48.8849 
00904cc51238 0.14 47.0699 32.5088 17.8772 21.6361 21.9836 31.2367 29.2728 26.5841 22.4772 36.0122 52.3980 51.2050 38.5317 45.6020 28.4573 31.2671 28.9156 23.6433 24.4468 15.5482 17.8047 23.6824 21.1398 33.6184 25.9106 49.8073 31.5343 30.6286 41.4798 27.3031 25.1583 22.0768 24.1004 20.1288 19.7182 26.8926 25.0366 41.0718 38.4969 50.8269 41.7750 64.5700 36.0326 31.0966 39.8963 43.6485 34.4146 43.5287 45.4150 48.0092 48.8849 
00904cc51238 0.16 47.0699 32.5088 17.8772 21.6361 21.9836 31.2367 29.2728 26.5841 22.4772 36.0122 52.3980 51.2050 38.5317 45.6020 28.4573 31.2671 28.9156 23.6433 24.4468 15.5482 17.8047 23.6824 21.1398 33.6184 25.9106 49.8073 31.5343 30.6286 41.4798 27.3031 25.1583 22.0768 24.1004 20.1288 19.7182 26.8926 25.0366 41.0718 38.4969 50.8269 41.7750 64.5700 36.0326 31.0966 39.8963 43.6485 34.4146 43.5287 45.4150 48.0092 48.8849 
00904cc51238 0.18 47.0699 32.5088 17.8772 21.6361 21.9836 31.2367 29.2728 26.5841 22.4772 36.0122 52.3980 51.2050 38.5317 45.6020 28.4573 31.2671 28.9156 23.6433 24.4468 15.5482 17.8047 23.6824 21.1398 33.6184 25.9106 49.8073 31.5343 30.6286 41.4798 27.3031 25.1583 22.0768 24.1004 20.1288 19.7182 26.8926 25.0366 41.0718 38.4969 50.8269 41.7750 64.5700 36.0326 31.0966 39.8963 43.6485 34.4146 43.5287 45.4150 48.0092 48.8849 
00904cc51238 0.20 47.0699 32.5088 17.8772 21.6361 21.9836 31.2367 29.2728 26.5841 22.4772 36.0122 52.3980 51.2050 38.5317 45.6020 28.4573 31.2671 28.9156 23.6433 24.4468 15.5482 17.8047 23.6824 21.1398 33.6184 25.9106 49.8073 31.5343 30.6286 41.4798 27.3031 25.1583 22.0768 24.1004 20.1288 19.7182 26.8926 25.0366 41.0718 38.4969 50.8269 41.7750 64.5700 36.0326 31.0966 39.8963 43.6485 34.4146 43.5287 45.4150 48.0092 48.8849 
00904cc51238 0.22 47.0699 32.5088 17.8772 21.6361 21.9836 31.2367 29.2728 26.5841 22.4772 36.0122 52.3980 51.2050 38.5317 45.6020 28.4573 31.2671 28.9156 23.6433 24.4468 15.5482 17.8047 23.6824 21.1398 33.6184 25.9106 49.8073 31.5343 30.6286 41.4798 27.3031 25.1583 22.0768 24.1004 20.1288 19.7182 26.8926 25.0366 41.0718 38.4969 50.8269 41.7750 64.5700 36.0326 31.0966 39.8963 43.6485 34.4146 43.5287 45.4150 48.0092 48.8849 
00904cc51238 0.24 47.0699 32.5088 17.8772 21.6361 21.9836 31.2367 29.2728 26.5841 22.4772 36.0122 52.3980 51.2050 38.5317 45.6020 28.4573 31.2671 28.9156 23.6433 24.4468 15.5482 17.8047 23.6824 21.1398 33.6184 25.9106 49.8073 31.5343 30.6286 41.4798 27.3031 25.1583 22.0768 24.1004 20.1288 19.7182 26.8926 25.0366 41.0718 38.4969 50.8269 41.7750 64.5700 36.0326 31.0966 39.8963 43.6485 34.4146 43.5287 45.4150 48.0092 48.8849 
00904cc51238 0.26 47.0699 32.5088 17.8772 21.6361 21.9836 31.2367 29.2728 26.5841 22.4772 36.0122 52.3980 51.2050 38.5317 45.6020 28.4573 31.2671 28.9156 23.6433 24.4468 15.5482 17.8047 23.6824 21.1398 33.6184 25.9106 49.8073 31.5343 30.6286 41.4798 27.3031 25.1583 22.0768 24.1004 20.1288 19.7182 26.8926 25.0366 41.0718 38.4969 50.8269 41.7750 64.5700 36.0326 31.0966 39.8963 43.6485 34.4146 43.5287 45.4150 48.0092 48.8849 
00904cc51238 0.28 47.0699 32.5088 17.8772 21.6361 21.9836 31.2367 29.2728 26.5841 22.4772 36.0122 52.3980 51.2050 38.5317 45.6020 28.4573 31.2671 28.9156 23.6433 24.4468 15.5482 17.8047 23.6824 21.1398 33.6184 25.9106 49.8073 31.5343 30.6286 41.4798 27.3031 25.1583 22.0768 24.1004 20.1288 19.7182 26.8926 25.0366 41.0718 38.4969 50.8269 41.7750 64.5700 36.0326 31.0966 39.8963 43.6485 34.4146 43.5287 45.4150 48.0092 48.8849 
00904cc51238 0.30 47.0699 32.5088 17.8772 21.6361 21.9836 31.2367 29.2728 26.5841 22.4772 36.0122 52.3980 51.2050 38.5317 45.6020 28.4573 31.2671 28.9156 23.6433 24.4468 15.5482 17.8047 23.6824 21.1398 33.6184 25.9106 49.8073 31.5343 30.6286 41.4798 27.3031 25.1583 22.0768 24.1004 20.1288 19.7182 26.8926 25.0366 41.0718 38.4969 50.8269 41.7750 64.5700 36.0326 31.0966 39.8963 43.6485 34.4146 43.5287 45.4150 48.0092 48.8849 
00904cc51238 0.32 47.0699 32.5088 17.8772 21.6361 21.9836 31.2367 29.2728 26.5841 22.4772 36.0122 52.3980 51.2050 38.5317 45.6020 28.4573 31.2671 28.9156 23.6433 24.4468 15.5482 17.8047 23.6824 21.1398 33.6184 25.9106 49.8073 31.5343 30.6286 41.4798 27.3031 25.1583 22.0768 24.1004 20.1288 19.7182 26.8926 25.0366 41.0718 38.4969 50.8269 41.7750 64.5700 36.0326 31.0966 39.8963 43.6485 34.4146 43.5287 45.4150 48.0092 48.8849 
00904cc51238 0.34 47.0699 32.5088 17.8772 21.6361 21.9836 31.2367 29.2728 26.5841 22.4772 36.0122 52.3980 51.2050 38.5317 45.6020 28.4573 31.2671 28.9156 23.6433 24.4468 15.5482 17.8047 23.6824 21.1398 33.6184 25.9106 49.8073 31.5343 30.6286 41.4798 27.3031 25.1583 22.0768 24.1004 20.1288 19.7182 26.8926 25.0366 41.0718 38.4969 50.8269 41.7750 64.5700 36.0326 31.0966 39.8963 43.6485 34.4146 43.5287 45.4150 48.0092 48.8849 
00904cc51238 0.36 47.0699 32.5088 17.8772 21.6361 21.9836 31.2367 29.2728 26.5841 22.4772 36.0122 52.3980 51.2050 38.5317 45.6020 28.4573 31.2671 28.9156 23.6433 24.4468 15.5482 17.8047 23.6824 21.1398 33.6184 25.9106 49.8073 31.5343 30.6286 41.4798 27.3031 25.1583 22.0768 24.1004 20.1288 19.7182 26.8926 25.0366 41.0718 38.4969 50.8269 41.7750 64.5700 36.0326 31.0966 39.8963 43.6485 34.4146 43.5287 45.4150 48.0092 48.8849 
00904cc51238 0.38 47.0699 32.5088 17.8772 21.6361 21.9836 31.2367 29.2728 26.5841 22.4772 36.0122 52.3980 51.2050 38.5317 45.6020 28.4573 31.2671 28.9156 23.6433 24.4468 15.5482 17.8047 23.6824 21.1398 33.6184 25.9106 49.8073 31.5343 30.6286 41.4798 27.3031 25.1583 22.0768 24.1004 20.1288 19.7182 26.8926 25.0366 41.0718 38.4969 50.8269 41.7750 64.5700 36.0326 31.0966 39.8963 43.6485 34.4146 43.5287 45.4150 48.0092 48.8849 
00904cc51238 0.40 47.0699 32.5088 17.8772 21.6361 21.9836 31.2367 29.2728 26.5841 22.4772 36.0122 52.3980 51.2050 38.5317 45.6020 28.4573 31.2671 28.9156 23.6433 24.4468 15.5482 17.8047 23.6824 21.1398 33.6184 25.9106 49.8073 31.5343 30.6286 41.4798 27.3031 25.1583 22.0768 24.1004 20.1288 19.7182 26.8926 25.0366 41.0718 38.4969 49.0328 41.7750 63.6573 36.0326 31.0966 39.8963 43.6485 34.4146 43.5287 45.4150 48.0092 48.8849 
00904cc51238 0.42 47.0699 32.5088 17.8772 21.6361 21.9836 31.2367 29.2728 26.5841 22.4772 36.0122 52.3980 51.2050 38.5317 45.6020 28.4573 31.2671 28.9156 23.6433 24.4468 15.5482 17.8047 23.6824 21.1398 33.6184 25.9106 49.8073 31.5343 30.6286 41.4798 27.3031 25.1583 22.0768 24.1004 20.1288 19.7182 26.8926 25.0366 41.0718 38.4969 49.0328 41.7750 63.6573 36.0326 31.0966 39.8963 43.6485 34.4146 43.5287 45.4150 48.0092 48.8849 
00904cc51238 0.44 47.0699 32.5088 17.8772 21.6361 21.9836 31.2367 29.2728 26.5841 22.4772 36.0122 52.3980 51.2050 38.5317 45.6020 28.4573 31.2671 28.9156 23.6433 24.4468 15.5482 17.8047 23.6824 21.1398 33.6184 25.9106 49.8073 31.5343 30.6286 41.4798 27.3031 25.1583 22.0768 24.1004 20.1288 19.7182 26.8926 25.0366 41.0718 38.4969 49.0328 41.7750 63.6573 36.0326 31.0966 39.8963 43.6485 34.4146 43.5287 45.4150 48.0092 48.8849 
00904cc51238 0.46 47.0699 32.5088 17.8772 21.6361 21.9836 31.2367 29.2728 26.5841 22.4772 36.0122 52.3980 51.2050 38.5317 45.6020 28.4573 31.2671 28.9156 23.6433 24.4468 15.5482 17.8047 23.6824 21.1398 33.6184 25.9106 49.8073 31.5343 30.6286 41.4798 27.3031 25.1583 22.0768 24.1004 20.1288 19.7182 26.8926 25.0366 41.0718 38.4969 49.0328 41.7750 63.6573 36.0326 31.0966 39.8963 43.6485 34.4146 43.5287 45.4150 48.0092 48.8849 
00904cc51238 0.48 47.0699 32.5088 17.8772 21.6361 21.9836 31.2367 29.2728 26.5841 22.4772 36.0122 52.3980 51.2050 38.5317 45.6020 28.4573 31.2671 28.9156 23.6433 24.4468 15.5482 17.8047 23.6824 21.1398 33.6184 25.9106 49.8073 31.5343 30.6286 41.4798 27.3031 25.1583 22.0768 24.1004 20.1288 19.7182 26.8926 25.0366 41.0718 38.4969 49.0328 41.7750 63.6573 36.0326 31.0966 39.8963 43.6485 34.4146 43.5287 45.4150 48.0092 48.8849 
00904cc51238 0.50 47.0699 32.5088 17.8772 21.6361 21.9836 31.2367 29.2728 26.5841 22.4772 36.0122 44.5631 37.1190 36.5050 34.0345 27.6813 31.2671 28.9156 23.6433 24.4468 15.5482 17.8047 23.6824 21.1398 30.8608 24.3796 41.5748 31.2256 22.5521 34.1877 24.3657 25.1583 22.0768 22.8428 20.1288 19.7182 26.8926 25.0366 40.0291 31.3532 31.5884 34.7098 36.4045 35.4320 31.0966 39.8963 43.2749 34.4146 34.5135 45.4150 48.0092 48.8849 
00904cc51238 0.52 47.0699 32.5088 17.8772 21.6361 21.9836 31.2367 29.2728 26.5841 22.4772 36.0122 44.5631 37.1190 36.5050 34.0345 27.6813 31.2671 28.9156 23.6433 24.4468 15.5482 17.8047 23.6824 21.1398 30.8608 24.3796 41.5748 31.2256 22.5521 34.1877 24.3657 25.1583 22.0768 22.8428 20.1288 19.7182 26.8926 25.0366 40.0291 31.3532 31.5884 34.7098 36.4045 35.4320 31.0966 39.8963 43.2749 34.4146 34.5135 45.4150 48.0092 48.8849 
00904cc51238 0.54 47.0699 32.5088 17.8772 21.6361 21.9836 31.2367 29.2728 26.5841 22.4772 36.0122 44.5631 37.1190 36.5050 34.0345 27.6813 31.2671 28.9156 23.6433 24.4468 15.5482 17.8047 23.6824 21.1398 30.8608 24.3796 41.5748 31.2256 22.5521 34.1877 24.3657 25.1583 22.0768 22.8428 20.1288 19.7182 26.8926 25.0366 40.0291 31.3532 31.5884 34.7098 36.4045 35.4320 31.0966 39.8963 43.2749 34.4146 34.5135 45.4150 48.0092 48.8849 
00904cc51238 0.56 47.0699 32.5088 17.8772 21.6361 21.9836 31.2367 29.2728 26.5841 22.4772 36.0122 44.5631 37.1190 36.5050 34.0345 27.6813 31.2671 28.9156 23.6433 24.4468 15.5482 17.8047 23.6824 21.1398 30.8608 24.3796 41.5748 31.2256 22.5521 34.1877 24.3657 25.1583 22.0768 22.8428 20.1288 19.7182 26.8926 25.0366 40.0291 31.3532 31.5884 34.7098 36.4045 35.4320 31.0966 39.8963 43.2749 34.4146 34.5135 45.4150 48.0092 48.8849 
00904cc51238 0.58 47.0699 32.5088 17.8772 21.6361 21.9836 31.2367 29.2728 26.5841 22.4772 36.0122 44.5631 37.1190 36.5050 34.0345 27.6813 31.2671 28.9156 23.6433 24.4468 15.5482 17.8047 23.6824 21.1398 30.8608 24.3796 41.5748 31.2256 22.5521 34.1877 24.3657 25.1583 22.0768 22.8428 20.1288 19.7182 26.8926 25.0366 40.0291 31.3532 31.5884 34.7098 36.4045 35.4320 31.0966 39.8963 43.2749 34.4146 34.5135 45.4150 48.0092 48.8849 
00904cc51238 0.60 47.0699 32.5088 17.8772 21.6361 21.9836 31.2367 29.2728 26.5841 22.4772 36.0122 44.5631 37.1190 36.5050 34.0345 27.6813 31.2671 28.9156 23.6433 24.4468 15.5482 17.8047 23.6824 21.1398 30.8608 24.3796 41.5748 31.2256 22.5521 34.1877 24.3657 25.1583 22.0768 22.8428 20.1288 19.7182 26.8926 25.0366 40.0291 31.3532 31.5884 34.7098 36.4045 35.4320 31.0966 39.8963 43.2749 34.4146 34.5135 45.4150 48.0092 48.8849 
00904cc51238 0.62 47.0699 32.5088 17.8772 21.6361 21.9836 31.2367 29.2728 26.5841 22.4772 36.0122 44.5631 37.1190 36.5050 34.0345 27.6813 31.2671 28.9156 23.6433 24.4468 15.5482 17.8047 23.6824 21.1398 30.8608 24.3796 41.5748 31.2256 22.5521 34.1877 24.3657 25.1583 22.0768 22.8428 20.1288 19.7182 26.8926 25.0366 40.0291 31.3532 31.5884 34.7098 36.4045 35.4320 31.0966 39.8963 43.2749 34.4146 34.5135 45.4150 48.0092 48.8849 
00904cc51238 0.64 47.0699 32.5088 17.8772 21.6361 21.9836 31.2367 29.2728 26.5841 22.4772 36.0122 44.5631 37.1190 36.5050 34.0345 27.6813 31.2671 28.9156 23.6433 24.4468 15.5482 17.8047 23.6824 21.1398 30.8608 24.3796 41.5748 31.2256 22.5521 34.1877 24.3657 25.1583 22.0768 22.8428 20.1288 19.7182 26.8926 25.0366 40.0291 31.3532 31.5884 34.7098 36.4045 35.4320 31.0966 39.8963 43.2749 34.4146 34.5135 45.4150 48.0092 48.8849 
00904cc51238 0.66 47.0699 32.5088 17.8772 21.6361 21.9836 31.2367 29.2728 26.5841 22.4772 36.0122 44.5631 37.1190 36.5050 34.0345 27.6813 31.2671 28.9156 23.6433 24.4468 15.5482 17.8047 23.6824 21.1398 30.8608 24.3796 41.5748 31.2256 22.5521 34.1877 24.3657 25.1583 22.0768 22.8428 20.1288 19.7182 26.8926 25.0366 40.0291 31.3532 31.5884 34.7098 36.4045 35.4320 31.0966 39.8963 43.2749 34.4146 34.5135 45.4150 48.0092 48.8849 
00904cc51238 0.68 43.4168 30.7300 17.2343 21.0476 21.4910 27.3683 28.0687 26.0422 22.2400 28.0063 36.4954 32.8315 32.3122 27.2542 25.5270 26.7372 25.8922 17.6082 21.7994 15.6430 17.1417 23.1354 19.8774 27.2749 22.3990 39.2824 31.3933 20.4129 24.8238 21.5923 22.9364 20.9474 22.5958 20.0617 19.1854 21.1123 21.6570 32.7295 26.3807 27.9694 30.6036 31.3265 28.0500 29.3737 37.9867 35.7447 27.2122 32.4848 35.0985 34.4289 39.9515 
00904cc51238 0.70 43.4168 30.7300 17.2343 21.0476 21.4910 27.3683 28.0687 26.0422 22.2400 28.0063 36.4954 32.8315 32.3122 27.2542 25.5270 26.7372 25.8922 17.6082 21.7994 15.6430 17.1417 23.1354 19.8774 27.2749 22.3990 39.2824 31.3933 20.4129 24.8238 21.5923 22.9364 20.9474 22.5958 20.0617 19.1854 21.1123 21.6570 32.7295 26.3807 27.9694 30.6036 31.3265 28.0500 29.3737 37.9867 35.7447 27.2122 32.4848 35.0985 34.4289 39.9515 
00904cc51238 0.72 43.4168 30.7300 17.2343 21.0476 21.4910 27.3683 28.0687 26.0422 22.2400 28.0063 36.4954 32.8315 32.3122 27.2542 25.5270 26.7372 25.8922 17.6082 21.7994 15.6430 17.1417 23.1354 19.8774 27.2749 22.3990 39.2824 31.3933 20.4129 24.8238 21.5923 22.9364 20.9474 22.5958 20.0617 19.1854 21.1123 21.6570 32.7295 26.3807 27.9694 30.6036 31.3265 28.0500 29.3737 37.9867 35.7447 27.2122 32.4848 35.0985 34.4289 39.9515 
00904cc51238 0.74 43.4168 30.7300 17.2343 21.0476 21.4910 27.3683 28.0687 26.0422 22.2400 28.0063 36.4954 32.8315 32.3122 27.2542 25.5270 26.7372 25.8922 17.6082 21.7994 15.6430 17.1417 23.1354 19.8774 27.2749 22.3990 39.2824 31.3933 20.4129 24.8238 21.5923 22.9364 20.9474 22.5958 20.0617 19.1854 21.1123 21.6570 32.7295 26.3807 27.9694 30.6036 31.3265 28.0500 29.3737 37.9867 35.7447 27.2122 32.4848 35.0985 34.4289 39.9515 
00904cc51238 0.76 43.4168 30.7300 17.2343 21.0476 21.4910 27.3683 28.0687 26.0422 22.2400 28.0063 36.4954 32.8315 32.3122 27.2542 25.5270 26.7372 25.8922 17.6082 21.7994 15.6430 17.1417 23.1354 19.8774 27.2749 22.3990 39.2824 31.3933 20.4129 24.8238 21.5923 22.9364 20.9474 22.5958 20.0617 19.1854 21.1123 21.6570 32.7295 26.3807 27.9694 30.6036 31.3265 28.0500 29.3737 37.9867 35.7447 27.2122 32.4848 35.0985 34.4289 39.9515 
00904cc51238 0.78 43.4168 30.7300 17.2343 21.0476 21.4910 27.3683 28.0687 26.0422 22.2400 28.0063 36.4954 32.8315 32.3122 27.2542 25.5270 26.7372 25.8922 17.6082 21.7994 15.6430 17.1417 23.1354 19.8774 27.2749 22.3990 39.2824 31.3933 20.4129 24.8238 21.5923 22.9364 20.9474 22.5958 20.0617 19.1854 21.1123 21.6570 32.7295 26.3807 27.9694 30.6036 31.3265 28.0500 29.3737 37.9867 35.7447 27.2122 32.4848 35.0985 34.4289 39.9515 
00904cc51238 0.80 43.4168 30.7300 17.2343 21.0476 21.4910 27.3683 28.0687 26.0422 22.2400 28.0063 36.4954 32.8315 32.3122 27.2542 25.5270 26.7372 25.8922 17.6082 21.7994 15.6430 17.1417 23.1354 19.8774 27.2749 22.3990 39.2824 31.3933 20.4129 24.8238 21.5923 22.9364 20.9474 22.5958 20.0617 19.1854 21.1123 21.6570 31.4149 28.3793 27.9694 30.6036 31.3265 28.0500 29.3737 37.9867 35.7447 27.2122 32.4848 35.0985 34.4289 39.9515 
