5.0,0.429
5.0,0.785
11.0,1.525
15.0,0.204
5.0,0.566
48.5,0.404
135.5,1.256
10.0,0.866
10.0,0.943
5.0,0.921
2.5,0.712
84.5,1.430
5.0,0.029
5.5,0.002
19.0,0.772
5.0,0.374
5.5,1.535
47.0,0.255
25.5,0.096
6.5,0.375
17.5,0.034
117.0,0.564
5.0,0.138
5.5,0.075
29.0,0.038
64.0,0.283
11.5,0.094
146.5,0.113
6.5,0.992
9.5,0.881
38.5,1.154
74.0,0.178
157.0,1.722
48.5,1.416
114.5,1.758
311.0,1.015
4.5,0.000
5.0,0.000
5.0,0.000
5.0,0.000
140.0,0.002
2.0,0.000
104.0,0.137
5.0,0.000
5.0,0.000
5.5,0.000
5.0,0.181
34.5,0.027
8.5,2.278
277.5,2.948
8.0,1.765
12.0,1.555
66.0,1.505
135.0,1.384
5.0,1.411
10.0,0.317
10.5,0.249
3.0,0.437
129.5,1.054
21.5,0.299
35.5,0.687
9.5,0.819
13.0,0.000
82.5,0.264
61.5,0.458
12.0,0.000
5.5,0.000
7.0,0.800
6.5,0.000
6.5,0.000
6.0,0.000
10.5,0.000
29.0,0.000
14.0,0.000
8.5,0.000
9.0,0.000
6.5,0.720
7.5,0.000
6.0,0.000
8.0,0.000
4.5,0.085
11.5,0.000
28.5,0.000
170.0,0.040
12.0,0.081
11.0,0.055
7.5,0.000
10.5,0.000
8.5,0.000
11.5,0.000
8.5,0.043
13.0,0.000
6.5,0.000
6.0,0.809
3.0,0.452
36.5,0.146
5.0,0.000
5.0,0.000
5.0,0.291
5.0,0.227
5.0,0.347
5.0,0.745
5.0,0.945
5.0,0.580
5.0,0.000
5.0,0.000
8.0,0.381
6.0,0.000
6.0,0.000
5.0,0.000
63.5,0.193
280.0,0.508
14.0,0.502
8.5,0.000
5.0,0.000
44.0,1.415
4.5,0.695
5.5,1.715
4.5,0.633
11.5,0.365
92.0,1.871
20.0,1.515
5.0,0.527
5.5,0.243
16.5,0.284
19.0,0.938
123.5,0.860
5.5,0.000
5.0,0.000
9.5,0.673
91.0,1.342
10.0,0.011
4.5,0.319
30.0,0.255
65.0,1.210
27.0,0.609
86.5,0.198
9.5,1.944
159.0,1.712
18.5,1.118
31.5,1.933
69.5,1.829
21.0,2.592
65.5,0.406
5.0,1.637
28.5,1.287
14.0,0.279
5.0,0.350
5.0,0.376
356.0,1.587
5.0,0.123
5.0,0.104
5.0,0.067
25.5,0.005
134.5,0.023
43.0,0.016
5.0,0.002
185.5,0.971
169.5,0.162
5.0,0.135
98.5,0.174
133.0,0.034
131.0,0.077
192.0,0.123
10.5,0.162
18.5,0.319
9.5,0.283
3.5,1.540
2.0,0.985
183.5,0.877
44.0,0.014
5.5,0.721
18.5,0.985
5.5,0.857
5.0,0.000
15.0,0.829
20.5,2.469
52.0,0.329
5.0,0.788
20.5,0.443
27.5,0.382
5.5,0.668
6.5,1.236
38.0,1.123
5.0,0.345
37.5,0.439
5.0,0.098
4.5,0.131
39.0,0.537
5.5,0.430
11.0,0.731
10.5,0.213
4.5,0.232
189.5,1.205
83.0,0.164
26.5,0.299
18.0,0.331
17.0,0.420
9.5,0.689
37.5,0.905
46.5,0.563
11.5,0.556
76.0,0.276
3.0,0.424
1.5,0.650
161.5,0.779
5.0,0.592
21.5,0.995
42.5,0.422
35.5,1.418
14.0,0.468
4.5,0.883
3.5,1.222
158.0,0.505
9.0,1.255
15.5,1.417
22.0,1.169
8.0,0.863
7.5,0.217
5.0,0.000
30.5,0.140
8.0,0.121
6.0,0.000
53.0,1.324
33.0,1.871
8.5,1.568
128.5,2.197
231.0,0.024
8.5,0.000
2.5,0.027
85.0,0.347
25.5,1.607
50.0,1.626
74.0,1.581
53.0,1.043
29.0,0.909
31.5,0.874
190.5,1.140
15.0,1.001
61.0,1.030
5.0,1.004
78.5,1.010
10.0,0.766
6.5,0.212
7.0,0.200
6.5,0.247
6.5,0.403
6.0,0.544
5.5,0.087
12.5,0.891
18.5,0.170
9.0,0.382
5.0,0.874
11.0,0.752
5.5,0.728
4.5,0.000
5.0,0.579
5.5,0.485
5.5,0.685
5.0,1.119
2.0,0.523
245.5,1.957
6.5,0.397
6.5,0.000
4.5,0.000
7.0,0.000
5.0,0.235
12.0,0.411
18.5,0.244
49.5,0.306
5.5,0.802
10.5,0.699
9.0,0.142
12.0,0.828
23.0,0.201
226.0,0.289
102.5,0.250
119.0,0.443
42.0,1.004
11.0,0.711
50.5,1.115
17.5,0.994
10.0,1.324
37.5,1.331
14.0,2.011
309.5,0.740
190.0,1.292
5.0,1.529
13.5,0.000
10.0,0.000
11.5,0.000
14.0,0.000
310.5,0.015
18.5,0.397
9.5,0.278
11.5,0.000
9.0,0.176
19.0,0.000
7.5,0.000
20.0,0.000
12.0,0.000
24.5,1.466
5.0,0.000
9.0,0.125
17.0,0.169
22.5,0.742
12.0,1.573
108.5,0.972
6.0,0.434
6.0,0.926
44.5,0.286
140.5,1.124
25.0,0.002
5.0,0.113
10.0,0.348
5.0,0.090
38.5,0.248
5.0,0.008
5.5,0.007
34.0,0.326
324.0,2.279
12.0,0.000
26.5,0.773
13.5,1.231
7.0,0.000
7.0,0.342
18.0,0.905
9.0,0.082
10.5,0.349
108.0,0.498
18.5,0.990
9.5,0.902
9.0,0.551
6.5,0.050
6.5,0.990
18.5,0.334
7.0,0.747
169.5,0.680
32.0,0.857
8.5,0.611
54.5,0.781
15.0,0.975
58.5,0.918
6.5,0.711
26.5,0.864
91.5,1.163
5.0,1.178
217.0,2.367
25.0,1.259
51.5,2.812
24.5,1.394
50.0,1.717
10.5,0.814
5.0,0.129
5.0,0.000
30.5,0.683
36.0,0.537
5.0,0.043
9.0,0.063
5.0,0.038
3.0,0.506
1.5,1.829
355.0,2.980
26.0,2.482
11.5,2.025
6.0,0.202
24.0,2.122
11.0,1.205
114.0,2.125
162.5,1.215
49.5,0.323
124.5,0.095
29.0,0.000
14.0,0.070
8.0,1.089
11.5,0.304
7.5,0.200
9.0,0.324
5.0,0.795
16.5,0.695
7.5,0.000
8.5,0.388
4.5,0.022
11.5,0.267
18.5,0.076
9.0,0.213
7.0,0.000
21.5,0.000
10.0,0.000
80.5,0.223
11.0,0.000
18.5,0.000
65.5,0.066
11.0,0.301
25.5,0.199
6.5,0.000
131.0,1.210
67.0,0.223
146.5,0.180
32.5,0.269
44.5,0.015
12.5,0.000
6.0,0.000
211.5,0.007
17.0,0.002
179.0,0.006
30.0,0.002
5.0,0.988
10.0,1.479
698.5,1.732
59.5,0.177
2.0,0.000
60.5,0.525
15.0,0.222
4.0,0.416
20.0,0.008
139.0,0.717
270.0,0.361
37.5,0.204
23.0,0.069
41.5,0.139
8.5,0.405
231.0,1.027
133.5,0.112
49.0,1.439
27.0,0.879
156.5,1.473
11.0,0.000
10.0,0.256
25.5,0.149
5.0,0.019
12.0,0.119
40.0,1.013
5.0,0.678
15.5,0.911
27.5,0.997
54.0,1.330
5.5,1.586
19.5,1.829
20.0,0.926
11.5,0.817
43.0,0.913
4.5,0.835
5.0,0.574
123.0,1.902
10.0,0.432
6.5,0.996
6.0,1.000
62.5,0.475
35.5,0.933
69.0,0.517
139.5,1.009
5.0,0.302
6.5,0.071
81.5,0.314
24.0,0.162
53.5,0.433
14.5,0.864
65.5,0.483
16.0,0.771
4.0,0.453
15.0,0.782
19.0,0.000
20.0,0.288
5.0,0.000
5.0,0.172
26.5,0.220
121.5,1.271
10.0,0.487
5.0,0.042
5.0,0.037
5.0,0.073
5.0,0.035
5.0,0.001
10.0,0.185
5.0,0.596
7.0,0.032
12.0,0.055
121.0,0.028
20.5,0.046
12.0,0.036
10.5,0.369
14.5,0.242
60.0,0.529
123.0,0.432
54.5,0.821
57.5,0.364
26.0,0.534
8.5,0.414
61.5,0.932
70.0,0.670
103.0,1.099
5.5,0.077
3.0,0.000
42.5,0.774
5.0,0.005
5.0,0.029
6.5,0.010
110.0,0.816
24.0,0.731
18.5,1.938
175.5,0.708
5.0,0.640
45.5,0.606
42.5,0.021
294.5,1.326
29.5,0.802
20.0,0.670
15.5,0.740
70.0,1.473
9.0,0.210
10.5,0.155
2.0,0.595
39.0,0.389
15.5,0.141
20.0,0.299
21.0,0.320
6.0,0.355
6.0,0.417
4.0,0.281
2.0,0.371
46.0,0.005
6.0,0.053
6.5,0.342
7.0,0.000
70.0,0.012
30.0,0.071
11.5,0.192
125.0,0.030
4.5,0.000
5.0,0.000
5.0,0.000
10.0,0.000
298.5,0.074
193.0,1.581
12.0,0.923
102.5,1.106
31.5,1.156
34.0,1.304
10.5,1.316
10.5,1.087
9.5,1.155
2.0,0.459
5.0,0.313
15.5,0.594
6.5,0.000
56.0,0.292
40.0,0.268
88.5,0.088
153.0,0.883
11.5,0.000
163.0,1.331
5.0,0.935
6.0,1.306
17.5,2.296
14.5,0.047
11.5,0.376
29.0,0.259
17.0,0.304
44.5,0.224
25.5,1.042
67.0,1.870
40.5,2.194
108.5,1.402
84.5,2.267
76.5,1.848
84.5,2.948
13.5,2.523
121.0,0.927
5.5,0.000
5.0,0.000
5.0,0.000
9.5,0.000
211.0,0.011
11.5,0.000
9.5,0.000
5.0,0.000
5.0,0.000
5.0,0.014
5.0,0.004
12.5,0.183
25.5,1.222
26.5,1.766
21.5,0.251
220.0,1.992
5.0,1.241
5.0,1.363
5.5,1.332
10.0,1.150
4.5,1.248
10.0,1.631
10.0,1.200
5.0,1.497
4.5,0.722
6.0,0.504
7.0,0.449
62.0,0.241
64.0,0.317
39.5,0.454
311.0,0.190
47.0,0.773
18.5,0.853
7.0,0.776
15.5,0.966
8.0,0.344
12.5,0.538
5.5,0.499
4.5,0.000
5.0,0.087
5.0,0.000
5.0,0.089
5.0,0.013
25.0,0.116
5.0,0.027
5.0,0.001
3.5,0.070
2.0,0.000
14.0,0.000
23.0,0.000
137.5,0.008
12.0,0.000
10.0,0.140
14.5,0.715
5.0,1.364
3.5,1.017
5.0,0.929
10.5,1.032
43.0,1.579
4.5,1.891
1.5,0.523
50.5,1.533
10.0,1.911
5.0,1.787
83.0,1.792
15.5,1.040
7.5,1.546
122.0,1.680
151.5,1.821
4.5,1.775
5.0,1.238
90.0,1.628
5.0,2.175
65.0,2.108
15.0,2.739
5.0,2.058
20.0,2.346
4.5,2.361
140.5,0.659
4.5,0.292
46.0,1.184
43.5,0.255
6.0,0.413
37.5,1.197
19.0,0.765
28.5,0.000
88.5,1.224
8.5,0.607
2.0,0.000
111.5,1.184
137.5,1.206
15.5,0.535
5.0,1.185
114.5,1.180
41.0,0.029
15.0,0.768
162.0,1.386
14.5,0.184
10.0,0.924
90.0,1.566
17.5,1.637
23.5,1.562
10.0,1.175
14.0,1.229
11.0,2.120
7.0,1.211
33.5,1.478
29.0,0.875
35.5,0.626
26.0,0.834
5.0,1.791
43.5,1.937
28.0,1.800
131.0,1.580
35.0,2.953
19.0,3.252
209.5,2.361
60.5,1.329
41.0,1.015
6.0,0.584
29.0,0.504
95.0,1.129
57.5,0.033
121.0,1.250
37.0,0.435
18.0,0.224
5.5,0.422
7.0,0.770
3.5,1.070
83.0,0.518
7.0,1.395
113.5,1.110
22.5,0.579
13.0,0.203
29.0,0.000
7.5,0.000
9.5,0.027
7.0,0.716
6.0,0.000
8.0,0.642
16.5,0.304
30.5,0.456
29.5,0.495
6.5,0.246
88.0,0.512
13.0,0.658
8.0,0.255
4.5,0.000
285.0,0.926
11.0,1.277
9.0,0.430
30.0,1.050
14.5,1.384
49.0,0.002
6.0,0.000
7.0,0.007
7.0,0.002
6.5,0.002
4.0,0.000
4.5,0.000
5.0,0.000
55.5,0.129
4.5,0.000
5.5,0.906
5.0,0.000
5.0,0.244
5.0,0.000
5.0,0.000
3.5,0.000
2.0,0.000
121.0,0.874
4.5,0.000
5.0,0.000
5.0,0.524
5.0,0.000
116.0,0.091
5.0,0.477
5.0,0.291
5.0,0.731
5.0,0.664
10.0,1.372
9.0,0.000
3.0,0.000
1.5,0.000
300.0,2.108
13.0,1.088
7.0,0.233
5.5,0.491
5.0,0.814
4.5,0.000
3.5,0.356
2.0,0.000
65.5,0.027
9.0,0.823
4.5,0.004
4.0,0.000
4.5,0.354
27.0,0.788
163.0,1.406
45.0,0.188
20.0,1.477
62.5,0.900
81.0,0.820
20.5,1.669
34.5,0.661
11.5,0.466
24.0,0.247
7.0,0.459
11.0,0.363
30.5,1.655
11.5,0.579
108.5,0.830
14.5,0.350
144.0,0.568
21.5,0.602
20.0,0.988
22.0,0.206
43.0,0.000
11.0,0.000
5.0,0.000
4.5,0.000
10.0,0.113
119.0,0.930
9.5,0.000
21.5,0.193
5.5,0.000
5.5,0.000
5.5,0.756
5.0,0.000
6.0,0.000
5.5,0.000
4.0,0.000
108.0,0.263
15.5,0.377
5.0,0.000
4.5,0.607
9.5,0.369
5.5,0.000
11.5,0.216
15.0,0.000
109.0,1.313
10.0,0.224
48.0,0.099
7.5,0.150
38.0,0.093
10.5,0.062
5.0,0.019
23.0,0.087
5.5,0.019
6.0,0.002
81.0,0.000
357.5,0.683
15.0,0.596
154.5,0.849
32.0,0.990
170.0,1.027
10.5,1.926
10.0,0.000
8.5,0.000
12.5,0.385
9.0,0.000
15.5,0.145
7.0,0.000
7.5,0.089
6.5,0.000
5.0,0.000
6.5,0.377
74.0,0.491
8.0,0.387
5.0,1.333
21.5,1.640
18.5,0.494
5.0,0.369
15.0,0.028
5.0,0.572
133.0,0.987
9.5,0.301
2.5,0.373
64.5,0.635
10.5,0.196
22.0,0.036
21.5,0.000
33.0,0.156
17.5,0.252
233.0,2.269
6.5,0.805
12.0,0.454
26.0,1.102
5.0,1.047
34.5,1.595
5.5,0.476
23.0,0.724
6.5,1.760
166.5,2.849
8.0,1.616
44.0,2.164
15.0,1.552
46.0,1.266
44.0,0.611
55.5,2.028
32.5,1.783
16.5,0.797
28.5,1.951
8.5,0.000
71.0,1.308
125.5,1.571
19.0,1.635
6.5,0.256
16.0,1.704
6.0,0.722
6.5,1.571
7.5,1.329
2.0,2.349
126.0,1.990
36.5,1.592
50.5,1.597
94.0,1.451
10.0,1.284
27.5,1.520
96.5,1.628
86.5,0.235
78.5,1.043
5.5,0.035
46.5,0.275
51.5,0.313
22.5,0.324
15.5,0.184
42.5,0.748
48.5,0.765
20.0,0.329
10.0,0.000
50.5,0.163
249.5,0.795
114.5,0.988
5.0,0.000
5.0,0.000
4.5,0.000
5.0,0.000
32.5,0.044
185.5,0.998
5.0,0.000
5.0,0.000
14.5,0.000
30.5,0.125
344.5,0.828
26.5,0.142
81.5,0.055
10.0,0.038
5.0,0.027
3.5,1.050
2.0,0.786
459.5,1.746
39.5,0.066
21.0,0.757
71.0,0.484
44.5,0.000
35.0,0.504
88.0,0.742
19.5,0.428
24.5,1.509
79.5,1.137
135.5,1.076
51.0,0.211
10.5,0.000
3.5,0.599
42.0,0.525
40.0,0.275
31.0,0.205
32.0,0.876
44.0,1.280
5.0,0.000
42.0,0.160
5.0,0.000
10.0,0.333
73.5,0.446
238.5,0.617
5.5,0.756
33.5,0.239
10.0,0.630
62.5,0.941
14.0,0.000
108.5,0.014
121.5,0.263
29.0,0.105
9.5,0.000
10.5,0.000
53.5,0.019
42.5,0.042
68.0,1.055
8.0,0.347
146.5,0.536
184.0,1.131
19.0,0.990
2.0,0.977
119.5,0.243
50.0,0.036
128.5,1.276
82.0,0.935
24.5,0.667
5.5,1.799
5.0,1.539
10.0,0.626
5.0,0.458
19.5,1.923
5.0,1.640
5.0,2.127
10.0,1.945
15.5,0.865
11.5,0.828
9.0,0.567
15.0,1.055
5.0,1.082
15.0,1.620
4.0,1.364
233.0,0.239
5.0,0.000
5.0,0.000
4.5,0.000
5.0,0.000
5.0,0.000
104.5,0.066
5.5,0.742
4.0,0.000
5.0,0.744
5.0,0.000
5.5,0.000
12.0,0.000
18.0,0.417
7.0,0.000
8.0,0.000
5.0,0.000
5.0,0.000
4.5,0.000
5.0,0.000
36.5,0.000
7.5,0.000
6.0,0.950
8.0,0.898
6.5,0.993
6.5,1.000
7.0,1.074
5.0,0.589
6.5,0.746
6.0,0.675
6.5,0.792
5.5,0.000
5.5,0.000
3.0,0.000
13.5,0.345
22.5,0.170
7.0,0.931
7.5,0.000
5.0,0.000
8.5,0.000
6.5,0.000
8.5,0.000
5.0,0.613
102.0,0.266
16.0,0.968
31.0,0.629
38.5,0.926
4.5,1.932
126.5,2.009
108.5,1.362
140.5,2.196
12.0,0.000
21.5,0.887
43.0,0.958
59.5,0.929
10.0,0.466
16.5,0.744
21.0,0.676
15.0,0.306
5.5,0.565
10.0,0.000
10.5,0.647
5.5,0.914
120.5,1.363
57.5,0.072
10.5,0.000
38.5,0.517
6.5,0.000
9.5,0.016
110.5,0.057
12.5,0.006
7.5,0.000
91.0,0.023
61.5,0.851
39.0,0.234
3.0,0.979
155.0,1.124
5.0,1.241
9.0,1.924
16.0,1.636
266.0,1.226
5.0,1.410
75.0,1.505
5.0,1.198
5.0,1.459
5.0,0.001
6.5,0.003
5.0,0.000
8.5,0.002
6.0,0.000
5.0,0.000
5.5,0.000
143.0,0.007
5.0,0.001
4.5,0.002
5.0,0.002
5.0,0.048
5.0,0.000
4.5,0.000
2.0,0.000
124.5,0.989
5.5,0.000
5.0,0.000
5.0,0.000
4.5,0.000
222.5,0.002
50.0,0.804
15.0,0.895
10.5,0.935
4.0,0.847
3.0,0.727
227.5,0.802
4.5,0.000
5.0,0.000
5.0,0.000
5.0,0.310
10.5,0.000
5.5,0.000
5.5,1.274
6.0,0.468
5.0,0.250
6.5,0.727
15.5,0.751
24.5,0.551
112.5,1.285
6.5,0.737
10.0,1.058
5.0,1.288
120.0,1.280
4.0,0.600
23.0,0.462
31.5,2.378
23.5,1.585
6.5,0.710
6.0,2.050
84.0,2.527
6.5,1.327
271.5,1.525
3.5,0.204
320.0,1.846
43.0,2.127
3.0,2.128
55.0,0.512
152.0,0.037
5.0,0.558
3.5,0.776
2.0,0.000
219.0,1.454
15.0,0.105
40.5,0.225
16.0,0.761
27.0,0.086
5.0,0.603
10.0,0.599
5.0,0.651
10.0,1.171
5.0,0.573
5.5,0.453
11.5,0.756
10.0,0.000
217.5,0.987
40.0,0.711
10.5,0.624
52.5,0.633
3.5,1.226
2.0,1.258
223.5,0.555
5.0,0.553
35.0,0.330
5.0,0.026
5.0,0.709
80.0,0.104
36.0,1.768
57.0,0.330
23.0,1.420
5.0,0.402
231.0,0.190
12.5,0.528
7.5,0.447
5.0,2.013
11.0,1.392
46.5,1.531
12.0,1.963
11.5,2.011
24.0,0.103
66.5,1.958
24.0,1.150
41.0,1.725
10.0,2.194
116.0,1.672
32.5,0.003
41.0,1.837
1.5,0.008
38.5,0.001
7.0,0.017
120.5,1.007
5.0,0.282
5.0,0.436
5.0,0.134
5.0,0.711
5.0,0.166
5.0,0.101
5.0,0.643
5.0,0.560
5.5,0.747
5.0,0.381
7.0,0.218
5.5,0.254
6.0,0.709
1.5,0.521
14.0,0.557
20.5,0.092
5.0,0.320
5.5,0.664
6.0,0.757
6.5,0.172
6.0,0.911
6.0,0.736
5.0,0.420
5.0,0.328
6.5,0.281
12.0,0.066
9.0,0.059
14.0,0.255
6.5,0.143
5.0,0.000
5.0,1.076
5.0,1.184
5.0,0.850
5.0,0.868
5.5,0.214
5.0,0.000
5.5,0.997
5.5,0.533
4.0,0.249
17.0,0.813
6.5,0.000
43.0,0.001
7.5,0.224
9.0,0.069
6.5,1.629
123.5,1.298
35.5,0.115
5.0,0.003
9.5,0.163
7.5,0.151
5.5,0.000
4.5,0.917
83.5,0.161
16.0,0.418
51.5,0.348
10.5,1.129
11.0,0.236
17.5,0.431
222.5,0.032
249.0,1.398
20.0,0.998
21.0,0.923
5.5,0.390
77.0,1.010
7.0,0.000
11.0,0.116
5.0,0.000
91.0,0.059
4.5,0.000
6.0,0.010
9.5,0.004
10.0,0.091
10.5,0.000
8.5,0.000
7.0,0.000
7.0,0.000
306.5,0.002
6.5,0.521
8.0,0.259
6.5,1.140
12.5,0.990
58.0,0.607
20.5,0.172
4.5,0.000
2.5,0.000
122.0,1.320
6.0,0.000
6.0,0.000
6.0,0.000
4.5,0.000
5.0,0.000
5.5,0.000
4.5,0.165
7.5,0.154
9.5,0.493
70.5,0.304
4.5,0.005
46.5,0.181
14.5,0.167
15.0,0.294
6.0,0.282
5.0,0.043
5.0,0.048
61.5,1.192
36.5,1.058
60.0,0.532
9.0,0.000
57.0,0.581
10.5,1.487
114.0,0.962
40.5,0.614
22.5,1.192
5.5,0.940
10.5,1.391
40.0,0.513
61.0,0.974
206.5,0.028
4.5,0.002
74.5,0.141
6.5,0.825
7.5,0.995
8.0,0.059
8.0,0.895
7.0,0.098
19.0,0.435
12.0,0.450
32.0,0.388
6.5,0.493
13.5,0.027
10.5,0.485
27.5,0.997
32.5,0.371
9.5,0.024
5.5,0.111
10.0,0.324
4.5,0.508
2.5,0.568
15.0,1.072
58.5,0.512
10.0,0.151
22.5,0.657
42.0,0.377
18.5,0.140
4.0,0.424
127.0,1.236
8.0,0.000
26.5,0.000
15.0,0.000
2.5,0.000
320.0,0.041
159.0,1.115
17.0,0.477
3.5,0.711
9.0,0.313
8.5,0.675
7.0,0.507
7.0,0.585
7.0,0.949
7.5,0.470
7.0,0.663
6.5,0.389
7.0,0.109
8.0,0.000
8.0,0.000
7.5,0.000
170.5,0.000
28.5,0.023
426.5,1.429
6.0,0.322
9.5,0.434
7.0,0.484
138.0,0.182
330.5,0.765
5.0,0.000
8.5,0.571
2.0,0.592
49.5,0.000
5.5,0.315
4.5,0.305
6.0,0.772
7.0,0.304
16.0,0.023
10.0,0.613
23.5,0.159
9.5,0.000
15.5,0.142
157.0,0.826
132.0,0.016
14.0,0.031
131.5,1.420
15.0,1.581
29.0,1.045
20.5,1.376
35.0,1.601
3.0,1.195
108.0,1.688
60.5,0.042
8.0,0.000
36.5,0.495
14.5,0.000
149.0,0.013
7.0,0.000
6.0,0.012
16.5,0.127
9.0,0.000
14.0,0.374
7.5,0.195
16.0,0.165
8.0,0.000
8.0,0.008
7.0,0.000
13.0,0.056
44.5,0.002
8.5,0.015
6.5,0.600
57.0,0.395
21.0,0.392
53.0,0.248
9.5,0.012
5.0,0.190
9.0,0.115
7.5,0.000
9.0,0.000
9.5,0.000
5.5,0.000
40.5,0.034
11.5,0.000
29.0,0.000
10.5,0.000
7.0,0.000
9.0,0.000
8.0,0.000
19.0,2.087
28.0,1.055
25.5,0.927
49.0,1.944
24.0,1.467
6.5,1.156
42.5,0.253
5.0,0.000
42.0,2.325
133.0,1.503
6.0,1.526
46.5,2.174
4.0,1.566
11.5,1.917
35.5,1.928
32.0,1.460
5.5,0.919
45.5,1.283
8.0,1.891
8.5,1.707
3.0,0.225
132.0,0.084
9.5,0.000
6.0,1.664
23.5,0.445
321.0,2.020
10.5,0.762
9.0,0.810
6.0,1.064
16.5,1.028
11.0,0.844
11.0,0.000
45.0,0.045
15.0,0.794
53.0,0.189
57.0,0.345
62.0,0.096
162.0,1.222
5.0,0.068
10.0,0.381
10.0,0.066
11.0,0.331
5.0,0.556
2.0,1.554
13.5,0.743
32.0,0.048
10.0,0.392
39.0,0.411
155.0,2.375
5.5,2.018
54.0,2.108
157.5,0.828
5.0,0.686
28.5,1.265
8.0,0.265
12.0,0.000
22.0,0.188
357.0,0.076
15.5,0.000
9.0,0.000
16.0,0.176
10.5,0.441
5.0,0.413
5.0,0.000
5.0,0.454
5.0,0.248
5.0,0.000
3.5,0.000
2.0,0.000
43.5,0.000
5.5,0.000
5.0,0.001
4.5,0.000
5.0,0.000
10.0,0.000
84.0,0.079
5.5,0.000
5.0,0.001
5.0,0.142
2.5,0.380
1.5,0.000
121.5,1.041
5.0,0.000
5.0,0.531
5.0,0.000
5.0,0.000
217.0,0.095
11.5,0.008
19.5,1.000
12.0,0.000
16.0,1.353
9.5,0.329
9.0,1.000
8.5,0.431
8.0,0.303
7.5,0.000
5.0,0.000
5.0,0.000
5.5,0.000
5.5,0.000
140.0,0.145
113.5,0.978
55.5,0.527
6.0,1.564
136.0,1.046
33.0,0.652
21.5,0.870
23.5,0.644
63.0,0.944
40.5,1.080
5.0,0.226
15.5,1.846
163.0,1.384
10.5,2.145
161.5,2.396
10.0,1.490
31.5,0.796
7.0,0.268
14.0,0.839
44.5,0.813
6.0,1.392
58.5,2.063
25.0,0.463
40.5,1.573
45.5,1.504
8.5,1.079
45.5,1.568
12.5,0.544
69.5,1.619
52.5,1.179
53.0,0.667
63.5,0.226
156.0,0.443
58.0,1.161
6.5,1.231
5.0,0.741
83.0,1.821
30.0,0.966
4.0,1.297
2.0,1.060
43.5,1.536
8.5,0.803
20.5,0.814
5.0,0.942
12.0,1.299
12.5,0.875
62.5,1.522
39.5,1.291
48.5,0.141
165.5,1.510
29.5,0.383
7.5,0.000
6.5,0.965
10.5,0.000
8.5,0.000
9.0,0.000
5.5,0.000
8.5,0.000
390.0,0.032
9.0,0.000
5.5,0.000
12.5,0.967
13.5,0.000
8.5,0.000
7.0,0.000
7.5,0.000
6.5,0.779
8.0,0.205
7.0,0.000
7.5,0.000
4.5,0.000
5.5,1.121
5.5,0.439
10.5,0.632
5.0,0.714
50.0,1.061
13.5,0.961
6.5,0.000
5.5,1.436
7.0,0.340
3.5,0.003
129.0,0.987
5.5,0.000
4.0,0.000
5.5,0.000
5.0,0.000
89.5,0.024
5.0,0.001
4.0,0.000
5.0,0.869
5.0,0.515
5.5,0.726
5.0,0.566
5.0,0.000
4.5,0.000
6.5,0.445
11.0,1.764
8.0,0.000
5.0,0.000
5.0,0.000
5.0,0.000
5.0,1.065
5.0,0.525
5.0,0.289
5.0,0.701
8.0,0.338
7.0,0.000
5.0,0.780
11.5,0.175
15.0,0.000
8.0,0.000
7.0,0.000
6.0,0.000
6.5,0.000
21.0,0.000
13.0,0.000
20.0,0.000
5.0,0.000
6.0,0.954
6.0,0.928
6.5,0.746
6.0,0.000
5.0,0.423
5.0,0.000
5.5,0.000
5.5,0.000
7.0,0.000
6.5,0.002
7.5,0.000
5.0,0.550
5.0,0.888
81.0,0.784
9.5,0.537
95.0,0.254
10.5,0.000
54.0,0.934
5.5,0.000
36.0,0.018
60.0,0.770
64.0,1.075
32.5,0.999
10.0,0.835
25.0,0.962
5.0,0.747
15.0,0.950
20.5,0.096
5.5,0.043
7.0,0.179
17.0,0.174
94.5,0.154
10.0,0.309
7.5,0.279
36.5,0.323
27.0,0.668
7.5,1.192
129.5,1.258
40.0,0.648
11.0,0.501
8.0,0.528
4.0,1.016
11.5,0.188
7.0,1.256
156.5,1.452
14.0,0.000
15.0,0.209
5.0,0.000
47.0,1.351
5.0,1.902
10.0,1.982
5.0,0.657
141.5,1.304
19.5,2.297
30.5,2.208
21.0,2.323
54.0,3.425
9.5,2.808
10.0,2.567
5.0,2.336
22.5,3.326
24.5,1.870
19.5,2.616
59.5,1.246
39.5,0.508
16.5,0.700
6.0,0.000
8.0,1.247
92.5,0.426
17.0,0.697
22.0,1.306
21.0,0.241
27.0,1.040
97.0,2.738
9.5,2.542
76.0,2.862
25.0,0.696
9.0,1.322
21.5,0.958
6.0,1.090
71.5,0.120
125.5,1.177
61.5,0.961
8.5,0.515
34.0,0.084
42.0,0.290
15.0,0.865
3.5,0.678
12.5,0.570
26.5,0.000
16.5,0.789
20.5,1.226
23.0,1.684
47.5,0.135
6.5,0.000
6.0,0.325
59.0,0.316
85.0,1.189
9.5,0.698
14.5,1.151
23.5,0.000
9.5,0.181
43.0,0.264
109.0,0.622
7.0,0.000
5.0,1.127
20.0,0.136
6.5,0.124
6.0,0.001
6.0,0.656
36.0,0.436
14.5,0.020
119.0,0.226
21.5,0.513
232.0,1.046
72.5,0.099
6.0,0.310
6.0,0.115
7.0,0.079
5.5,0.028
7.0,0.227
9.0,0.274
96.0,0.396
7.5,1.283
151.0,2.134
6.0,1.583
28.5,2.507
6.5,2.628
3.5,1.161
12.5,1.217
157.0,0.754
16.5,1.404
158.0,1.439
15.5,0.977
205.5,1.063
45.0,1.364
12.0,2.034
9.5,1.624
15.0,1.718
7.5,1.484
89.0,0.216
15.5,0.618
9.5,1.054
18.0,0.441
10.5,0.000
20.5,0.768
35.0,0.970
25.5,1.627
487.5,2.922
62.0,1.948
84.0,0.629
5.0,1.061
10.0,2.143
7.0,0.206
33.5,1.179
7.0,0.000
55.5,0.952
5.5,0.513
124.0,1.775
54.0,3.084
14.0,2.211
19.0,2.462
26.5,1.366
28.0,2.093
49.0,0.269
5.0,0.000
105.0,1.836
15.0,0.732
20.5,0.201
162.0,1.112
9.5,0.366
65.5,0.735
22.5,0.474
46.0,0.481
57.5,0.367
3.5,0.438
40.0,0.305
9.5,0.100
248.5,1.975
42.0,1.501
48.0,1.556
47.0,1.810
50.0,0.433
34.0,0.221
50.0,0.358
12.5,0.371
25.0,0.313
10.5,0.483
3.0,1.004
2.0,0.468
102.0,1.000
77.0,0.198
5.0,0.000
6.5,1.215
48.0,0.118
5.0,0.801
9.5,0.733
15.0,0.176
15.0,1.040
3.5,1.138
4.5,0.001
2.5,1.127
13.0,0.344
30.0,0.099
73.5,0.366
5.5,0.044
5.5,0.226
35.0,1.018
5.0,1.489
5.0,1.339
125.5,0.842
42.5,0.529
10.5,0.885
5.0,1.513
5.0,0.029
6.0,1.512
35.5,1.064
45.0,0.669
19.5,1.202
8.5,0.000
11.0,0.487
112.0,1.502
13.5,0.331
13.0,0.706
7.5,0.990
15.0,0.238
20.5,0.175
10.0,1.057
5.0,1.021
20.0,1.063
15.0,1.455
5.0,1.798
39.0,1.310
41.5,1.028
5.5,0.666
10.5,0.911
9.0,0.448
5.0,0.654
16.0,0.345
5.0,0.670
6.5,0.635
50.5,0.000
10.0,0.972
10.0,0.993
11.0,1.673
22.0,0.932
9.5,0.293
59.0,0.078
6.0,0.000
7.5,0.306
1.5,0.932
109.5,1.420
70.5,0.003
155.0,1.957
9.0,0.706
75.0,1.675
8.0,2.225
15.0,0.641
216.0,1.168
12.0,1.935
23.0,1.734
166.5,1.961
9.0,1.492
40.0,0.139
26.5,0.152
37.5,0.319
10.0,0.531
5.0,0.406
5.0,0.958
10.0,0.696
5.0,0.575
10.0,0.804
5.0,0.315
19.0,0.617
14.0,0.000
5.0,0.008
10.0,0.402
5.0,0.579
15.5,0.078
5.0,0.393
13.5,0.000
2.0,0.016
122.0,0.952
226.5,0.066
28.0,0.375
5.5,0.167
4.0,0.222
20.0,0.495
10.0,0.268
12.5,0.370
4.5,0.073
44.0,0.788
5.0,0.257
10.0,0.451
35.0,0.478
6.0,0.203
205.5,1.612
145.5,0.662
25.5,2.032
5.0,0.850
10.0,0.928
5.0,1.141
10.0,1.566
7.5,0.705
80.5,0.919
5.0,0.887
20.0,2.108
8.0,1.342
16.0,1.027
54.0,0.848
5.0,0.691
24.5,1.645
56.0,1.098
9.0,2.825
5.0,0.431
5.0,0.797
12.0,1.042
6.0,0.384
4.0,0.598
2.5,1.178
42.5,0.325
31.0,0.673
40.0,0.358
15.0,0.065
5.0,0.400
179.5,0.899
6.0,0.014
6.0,0.704
40.5,0.659
5.0,0.678
10.0,1.333
44.5,1.375
32.5,0.917
5.0,0.936
25.0,1.282
10.0,1.348
11.0,1.530
20.0,0.277
5.0,0.601
5.0,0.606
35.0,0.802
5.0,1.544
7.0,0.000
7.0,0.135
12.5,0.000
22.0,0.201
8.5,0.000
9.0,0.000
8.0,0.698
9.5,0.060
7.0,0.000
6.0,0.000
5.0,0.000
6.0,0.000
6.0,0.760
6.0,0.423
6.5,0.000
6.0,0.000
6.5,0.000
5.0,0.000
9.0,0.000
7.0,0.000
487.0,0.025
14.5,0.000
85.5,0.205
12.5,0.366
23.5,0.000
7.5,0.000
5.5,0.658
7.0,0.000
3.5,0.000
2.5,0.000
12.5,0.000
21.5,0.000
11.0,0.293
14.0,0.646
5.0,0.662
6.0,0.632
10.0,0.235
14.5,2.028
119.0,0.722
34.5,0.281
31.0,0.304
1.5,0.000
14.0,0.624
71.5,0.087
5.0,0.072
19.0,2.132
10.5,0.000
5.0,0.000
4.5,0.000
40.0,0.103
10.0,1.073
5.0,0.008
24.0,0.371
159.0,0.890
162.0,0.364
162.5,1.359
18.0,1.348
70.0,1.254
5.0,0.872
36.0,0.987
28.0,0.000
27.5,0.329
10.5,0.376
12.5,0.891
209.5,1.172
25.0,0.261
97.0,1.305
19.5,1.856
25.5,2.156
47.0,0.423
7.0,1.330
9.0,0.855
42.5,1.063
61.0,1.789
22.0,0.937
159.5,0.621
19.5,2.000
33.5,0.613
10.5,0.814
10.5,0.066
83.0,1.016
350.0,1.027
14.0,0.402
7.5,0.224
27.5,0.346
7.0,0.050
17.0,0.043
62.0,2.164
9.5,2.185
73.0,2.824
164.5,2.737
5.0,0.618
28.5,0.206
6.5,1.352
3.0,0.000
12.0,0.406
15.5,0.001
5.5,0.253
5.0,1.154
5.0,0.838
5.0,0.149
5.0,0.366
30.0,0.590
7.0,0.153
5.0,0.755
71.5,0.028
33.0,0.031
22.0,0.000
14.0,0.291
28.5,0.000
15.0,0.000
118.0,1.110
155.0,0.081
54.5,0.000
5.0,0.296
4.5,0.533
2.0,0.315
123.0,1.049
5.0,0.000
6.0,0.000
5.5,0.716
7.0,0.110
5.5,0.090
10.5,0.565
5.0,0.667
5.0,0.656
5.0,0.982
5.0,0.792
5.0,0.659
3.0,0.071
1.5,0.001
141.5,1.228
5.0,0.629
5.0,0.567
5.0,0.992
5.0,0.521
5.0,0.154
5.0,0.393
5.0,0.203
11.5,0.242
38.0,1.030
5.0,0.726
10.0,0.945
25.0,1.031
30.0,1.465
20.0,1.045
5.0,0.985
31.0,1.353
9.0,1.000
11.0,0.911
11.5,0.948
6.0,0.840
31.5,0.983
18.0,1.060
5.0,0.947
2.5,1.138
59.0,0.263
94.5,0.639
5.0,1.195
19.0,1.272
4.0,0.116
1.5,0.000
116.5,0.348
5.0,0.160
10.5,0.305
27.5,0.319
10.0,0.533
127.5,1.059
36.0,0.030
15.5,0.065
6.0,0.123
4.0,0.569
1.5,0.001
65.5,0.041
19.0,0.114
5.0,0.166
4.0,0.617
47.5,0.033
10.0,0.518
5.0,0.147
5.5,0.038
10.0,0.204
14.5,0.307
33.0,0.380
8.5,0.371
52.5,0.313
32.0,0.623
10.0,0.797
22.5,0.337
12.5,1.342
28.5,1.051
173.0,0.060
11.5,0.446
152.0,0.447
180.0,2.392
6.5,0.022
142.0,1.135
27.0,0.768
12.5,0.474
126.0,1.815
122.0,1.868
9.5,0.352
13.0,0.577
86.0,0.484
15.0,0.754
33.0,0.548
51.0,0.373
14.5,2.052
120.5,0.748
10.0,0.963
36.5,0.506
6.0,0.336
5.5,1.242
1.5,1.307
120.5,1.353
48.5,0.299
58.5,0.684
29.5,0.531
63.0,1.008
5.5,0.858
32.0,1.560
175.5,0.454
24.5,0.831
65.5,0.725
29.0,1.660
44.0,1.515
5.5,0.851
19.0,0.140
18.5,0.173
10.0,0.171
47.5,0.271
30.0,0.181
7.0,0.001
11.5,0.570
21.0,0.708
43.5,0.048
16.5,0.573
181.0,0.548
7.0,1.166
7.5,0.385
71.0,0.098
6.0,0.189
10.0,0.218
4.5,0.003
12.0,0.444
60.5,0.999
142.5,0.377
5.0,0.261
5.0,0.757
10.0,0.742
43.5,0.316
10.5,0.068
9.5,0.032
41.0,0.044
116.5,1.434
10.5,0.671
30.0,0.155
4.5,0.000
5.0,0.000
11.0,0.307
9.5,0.269
2.5,1.046
1.5,0.175
14.0,0.270
24.5,0.000
11.5,0.000
12.5,0.001
16.5,0.335
13.0,0.018
176.0,1.059
10.5,0.135
128.0,0.172
28.0,0.250
18.5,0.540
112.0,0.578
3.5,1.058
136.0,1.413
129.0,0.738
7.5,0.000
6.5,0.000
6.5,0.000
10.0,0.000
20.0,0.000
309.0,0.147
5.0,0.127
5.5,0.413
5.0,0.104
6.0,0.180
5.5,0.208
5.0,0.102
5.0,0.075
4.5,0.110
6.5,0.415
5.5,0.098
6.0,0.372
4.5,0.330
4.5,0.002
2.0,0.051
13.0,0.091
21.5,0.283
6.0,0.004
7.0,0.603
5.5,0.004
6.5,0.000
4.5,0.642
5.0,0.008
4.5,0.711
5.0,0.020
5.0,0.063
5.0,0.547
3.0,0.063
1.5,0.356
46.5,1.032
5.0,0.813
5.0,1.021
5.0,1.059
5.0,1.115
5.0,1.037
5.0,1.029
5.0,1.252
4.0,1.211
80.5,0.317
85.0,1.010
16.0,1.509
179.5,0.563
144.0,0.158
185.5,0.140
135.0,0.157
17.5,0.118
10.0,0.002
49.5,0.052
11.0,0.000
14.0,0.167
9.5,0.000
5.5,0.000
5.0,0.110
238.5,0.055
7.0,0.130
35.0,0.607
15.5,0.000
7.5,0.000
63.5,0.793
18.5,0.000
7.0,0.000
6.5,0.000
51.5,0.268
8.0,0.431
118.0,0.493
5.0,0.001
12.5,1.202
61.0,0.503
199.0,1.515
93.0,1.046
11.5,1.770
30.5,0.422
29.5,0.789
63.0,0.000
16.0,0.000
23.0,0.787
9.0,0.000
39.5,0.008
135.0,0.916
73.0,0.130
65.5,0.071
90.0,0.043
18.0,0.105
6.0,0.076
17.0,1.080
122.0,1.121
9.5,1.304
5.0,1.125
5.5,1.184
5.0,1.861
5.5,1.410
5.0,1.271
5.5,1.947
6.5,1.326
10.0,0.684
6.0,1.063
4.5,1.105
2.0,1.835
14.0,1.272
26.0,0.000
9.5,0.544
13.5,0.000
11.0,0.000
11.5,0.000
94.5,0.224
19.0,0.141
22.0,0.313
89.5,0.241
21.0,1.514
6.5,0.451
8.5,0.102
7.0,0.077
62.5,0.131
26.0,1.145
5.5,0.046
5.0,0.000
15.0,0.258
5.0,0.128
10.0,0.083
2.5,0.000
35.5,0.175
81.5,0.246
57.0,0.023
224.5,0.973
5.0,0.012
5.5,0.369
5.0,0.856
6.0,0.002
5.5,0.282
5.0,0.954
5.0,0.016
5.0,0.001
12.5,0.168
15.5,0.208
40.0,0.093
16.0,0.204
5.5,0.101
10.0,0.711
120.5,0.987
167.5,0.029
9.5,0.039
326.0,1.283
19.5,0.000
83.0,1.736
7.0,0.000
152.5,0.316
29.5,0.493
39.5,0.302
74.5,0.211
10.0,0.024
12.5,0.255
26.5,1.851
26.0,0.314
40.5,0.015
57.0,0.075
39.5,0.022
12.5,0.000
10.5,0.097
21.0,0.046
46.5,0.004
31.0,0.019
7.0,0.000
10.0,0.039
5.0,0.518
2.5,0.283
40.0,0.347
25.0,0.458
12.5,0.052
22.5,0.252
9.5,0.000
59.0,0.222
122.0,0.989
110.5,0.124
4.5,0.027
58.0,0.305
6.0,0.073
5.5,0.003
18.5,0.000
29.5,0.100
8.0,0.000
8.0,0.002
13.5,1.573
10.0,0.000
6.5,0.000
7.5,0.000
8.0,0.000
25.0,0.000
53.0,0.032
25.5,0.190
21.0,0.335
205.0,0.085
284.5,1.348
239.5,3.270
25.0,1.110
13.0,0.723
5.5,0.001
106.5,0.176
36.0,0.151
52.5,0.083
126.0,1.008
6.5,0.132
20.0,0.025
5.0,0.603
17.0,0.758
6.0,0.499
8.5,0.008
143.5,0.560
5.0,1.141
5.0,1.586
16.5,1.867
12.0,1.916
4.5,1.513
17.5,0.206
13.0,0.399
4.5,0.803
64.5,0.175
15.5,0.246
42.0,0.367
5.5,0.451
13.5,0.404
6.0,0.413
27.5,0.197
120.5,1.108
10.0,0.772
18.0,0.566
27.5,0.476
50.5,0.461
26.5,0.181
4.5,0.449
5.0,0.558
9.5,0.775
7.5,0.000
18.5,0.165
12.0,0.067
2.5,0.776
2.0,0.591
116.5,0.087
54.5,0.091
110.5,1.156
44.0,0.101
102.5,0.001
11.5,0.120
21.5,0.613
8.5,0.000
45.0,0.407
10.0,0.404
4.5,0.922
9.5,1.706
18.0,0.176
10.0,0.000
32.5,0.798
5.0,0.000
97.5,0.256
17.5,0.901
1.5,0.677
124.0,1.070
40.0,0.181
8.5,0.444
6.5,1.192
4.5,0.975
5.5,0.796
5.0,0.006
5.0,0.000
7.0,0.000
7.5,0.254
6.5,0.604
6.5,0.000
4.0,0.000
2.0,0.000
170.5,0.021
463.0,1.139
19.0,0.364
9.0,0.376
12.0,0.682
8.5,0.322
12.5,0.410
192.0,0.716
161.5,0.019
34.5,0.000
38.0,0.592
19.5,0.714
5.0,0.902
2.5,0.164
30.0,0.282
15.0,0.459
146.0,0.219
5.0,0.204
40.0,0.664
16.5,2.000
124.5,1.167
15.0,1.394
5.0,0.679
15.0,0.687
13.0,0.604
6.5,2.540
2.0,2.447
14.0,2.087
19.5,0.120
20.5,2.017
4.5,1.771
5.0,1.672
5.0,1.884
10.0,1.857
5.0,1.565
5.0,1.789
10.0,1.131
9.0,0.335
12.5,1.557
8.0,0.893
7.0,1.598
4.0,1.200
57.0,0.075
6.0,1.135
10.5,0.907
10.5,2.385
138.0,0.354
4.0,0.048
2.0,1.023
103.5,1.172
5.5,0.000
6.0,0.000
4.5,0.000
5.0,0.793
5.0,0.000
5.5,1.316
5.0,0.000
5.0,0.000
6.5,0.000
6.0,0.000
11.0,0.000
121.0,0.035
5.0,0.000
5.5,0.000
5.0,0.147
5.5,0.997
5.0,0.000
5.0,0.000
5.0,0.454
5.0,0.000
5.0,0.000
5.0,0.000
5.0,0.000
8.0,0.000
6.0,1.150
5.0,0.477
4.5,0.854
4.5,0.670
5.5,0.918
5.0,0.826
5.0,0.613
5.5,0.453
10.0,0.889
87.5,0.948
125.5,0.843
5.0,0.000
5.0,0.000
6.0,0.000
5.0,0.000
5.0,0.000
5.0,0.896
7.0,0.307
6.5,0.000
6.0,0.000
5.5,0.483
3.5,0.000
2.5,0.000
107.5,1.201
5.5,0.000
6.0,0.000
6.0,0.000
7.0,0.000
14.5,0.000
8.0,0.000
6.0,0.000
5.0,0.000
40.5,1.722
114.0,2.079
7.0,0.895
11.0,1.748
34.0,0.440
5.0,0.437
5.0,1.166
6.5,1.710
6.5,0.986
17.0,2.098
72.0,0.573
5.0,0.040
29.0,1.460
6.0,0.000
58.5,0.338
110.0,0.339
18.5,1.913
72.5,2.109
16.5,1.026
10.0,0.000
5.0,0.000
